Ave	Max	MaxTime	Psd	Ring	Rms	Width	Rp	Rm	A
46.98079 	0.69892 	125	604688.01449 	2891	69.60448 	4800	182.00 	304.00 	46.10 
45.92900 	0.70294 	150	594972.35891 	2819	68.45814 	4625	182.00 	304.00 	46.10 
46.92756 	0.68371 	100	605730.43486 	2928	69.83592 	4750	182.00 	304.00 	46.10 
46.90201 	0.69737 	375	598031.65208 	2845	69.65207 	4875	182.00 	304.00 	46.10 
48.88127 	0.73500 	400	628075.71184 	2815	72.63262 	4525	182.00 	304.00 	46.10 
47.64444 	0.74990 	175	615122.28149 	2770	70.62607 	4450	182.00 	304.00 	46.10 
47.70366 	0.69571 	275	613940.42048 	2937	70.56461 	4575	182.00 	304.00 	46.10 
47.35377 	0.71387 	250	604675.77812 	2923	70.03211 	4475	182.00 	304.00 	46.10 
47.76217 	0.71461 	150	607143.95485 	2808	70.64515 	4750	182.00 	304.00 	46.10 
47.67980 	0.72272 	400	613874.86969 	2896	70.84661 	4575	182.00 	304.00 	46.10 
44.64527 	0.66911 	200	580816.26069 	2799	66.37322 	4700	182.00 	304.00 	46.10 
44.78026 	0.69092 	350	577851.88146 	2837	66.64094 	4175	182.00 	304.00 	46.10 
45.72260 	0.69989 	325	586766.44690 	2784	67.88961 	4475	182.00 	304.00 	46.10 
45.05566 	0.68142 	125	583301.42941 	2795	67.07586 	4550	182.00 	304.00 	46.10 
44.95927 	0.68476 	150	570920.66230 	2839	66.51261 	4150	182.00 	304.00 	46.10 
45.03418 	0.65735 	275	575133.08984 	2894	66.57707 	4825	182.00 	304.00 	46.10 
46.05336 	0.70096 	350	596987.89107 	2839	68.62062 	4525	182.00 	304.00 	46.10 
46.59863 	0.70678 	225	601898.09452 	2850	69.21718 	4750	182.00 	304.00 	46.10 
46.22990 	0.68121 	150	592103.24507 	2872	68.46045 	4775	182.00 	304.00 	46.10 
45.72342 	0.69523 	475	584893.26096 	2824	67.83475 	4475	182.00 	304.00 	46.10 
45.84963 	0.70564 	325	592375.66520 	2839	68.28420 	4700	182.00 	304.00 	46.10 
46.80020 	0.70940 	125	600866.92850 	2890	69.16722 	4750	182.00 	304.00 	46.10 
45.97898 	0.68947 	350	585927.49705 	2884	68.10642 	4600	182.00 	304.00 	46.10 
46.02567 	0.70042 	275	598948.89532 	2763	68.82821 	4750	182.00 	304.00 	46.10 
46.62243 	0.70870 	325	591835.83922 	2871	68.89937 	4550	182.00 	304.00 	46.10 
46.64145 	0.70104 	325	596145.37316 	2846	68.95896 	4725	182.00 	304.00 	46.10 
45.43604 	0.69291 	300	590097.14293 	2845	67.81873 	4450	182.00 	304.00 	46.10 
45.84539 	0.70486 	125	594938.78686 	2805	68.28067 	4750	182.00 	304.00 	46.10 
46.27544 	0.69473 	350	593836.75301 	2837	68.67598 	4500	182.00 	304.00 	46.10 
46.50317 	0.66533 	100	581492.77460 	2970	67.99556 	4975	182.00 	304.00 	46.10 
46.53870 	0.71631 	125	597665.83434 	2784	69.01475 	4425	182.00 	304.00 	46.10 
46.51283 	0.69943 	350	593830.17075 	2843	69.05555 	4375	182.00 	304.00 	46.10 
46.08917 	0.67543 	125	597241.16734 	2892	68.43218 	4775	182.00 	304.00 	46.10 
45.63904 	0.66709 	300	589102.90451 	3039	67.56920 	4525	182.00 	304.00 	46.10 
46.60246 	0.73083 	0	600023.06428 	2783	69.02695 	4625	182.00 	304.00 	46.10 
46.55239 	0.70121 	325	601551.79282 	2856	69.35661 	4500	182.00 	304.00 	46.10 
46.38084 	0.72111 	150	594424.72687 	2780	68.83948 	4600	182.00 	304.00 	46.10 
46.33456 	0.69924 	200	596994.04098 	2807	68.96055 	4700	182.00 	304.00 	46.10 
46.60115 	0.70093 	300	604490.26609 	2855	69.58443 	4525	182.00 	304.00 	46.10 
46.95302 	0.73980 	325	608037.34657 	2808	70.05556 	4300	182.00 	304.00 	46.10 
46.38078 	0.67794 	5025	592412.97346 	2893	68.54651 	4900	182.00 	304.00 	46.10 
46.72807 	0.70766 	150	599347.17404 	2886	69.28979 	4700	182.00 	304.00 	46.10 
46.20375 	0.67335 	100	590072.40475 	2881	68.58422 	4600	182.00 	304.00 	46.10 
53.38731 	0.80947 	450	685996.31694 	2976	78.03516 	4575	257.00 	370.00 	39.40 
54.06394 	0.82329 	275	681977.90190 	2927	78.36845 	4225	257.00 	370.00 	39.40 
53.17598 	0.79748 	425	677930.67422 	3028	77.43688 	4450	257.00 	370.00 	39.40 
54.38161 	0.82404 	400	686756.27571 	3027	78.71237 	4600	257.00 	370.00 	39.40 
53.14363 	0.78293 	425	672612.84968 	3070	77.04081 	4575	257.00 	370.00 	39.40 
54.20206 	0.81226 	350	681660.30657 	3013	78.33028 	4625	257.00 	370.00 	39.40 
54.40218 	0.82125 	375	690178.53643 	3019	78.96664 	4675	257.00 	370.00 	39.40 
54.45692 	0.83057 	75	696904.57708 	2959	79.64548 	4125	257.00 	370.00 	39.40 
54.38709 	0.80403 	550	694402.53158 	3080	79.06527 	4575	257.00 	370.00 	39.40 
54.41884 	0.81988 	25	700198.48890 	3019	79.58417 	4125	257.00 	370.00 	39.40 
54.06966 	0.80875 	500	690825.26782 	3057	78.74717 	4575	257.00 	370.00 	39.40 
54.44056 	0.81989 	250	690145.67630 	3044	78.91601 	4500	257.00 	370.00 	39.40 
53.40887 	0.80947 	375	681391.37448 	2974	77.76241 	4350	257.00 	370.00 	39.40 
52.80827 	0.82795 	250	675056.54265 	2972	76.49952 	3875	257.00 	370.00 	39.40 
53.15140 	0.82456 	450	677489.75931 	2935	77.53613 	4575	257.00 	370.00 	39.40 
53.14692 	0.80368 	450	682025.98927 	3017	77.33758 	4325	257.00 	370.00 	39.40 
52.85117 	0.81346 	250	678283.16313 	2931	76.93471 	4050	257.00 	370.00 	39.40 
52.99239 	0.81449 	400	677379.06588 	2936	77.37341 	4400	257.00 	370.00 	39.40 
53.16001 	0.80661 	550	679178.59057 	2981	77.44263 	4350	257.00 	370.00 	39.40 
53.05924 	0.79243 	400	669560.20096 	3066	76.71325 	4225	257.00 	370.00 	39.40 
53.27140 	0.77077 	350	678421.76478 	3169	77.46615 	4750	257.00 	370.00 	39.40 
53.05730 	0.78982 	150	678243.54958 	3044	77.08459 	4650	257.00 	370.00 	39.40 
52.75178 	0.77203 	175	669019.00548 	3044	76.41724 	4825	257.00 	370.00 	39.40 
52.86904 	0.81236 	450	679552.05377 	3034	77.07012 	4325	257.00 	370.00 	39.40 
53.40151 	0.82794 	175	685289.02902 	2913	78.10601 	4500	257.00 	370.00 	39.40 
54.21929 	0.82618 	375	689584.04657 	2939	78.77433 	4350	257.00 	370.00 	39.40 
52.77395 	0.76951 	250	675765.37555 	3146	76.61272 	4900	257.00 	370.00 	39.40 
53.54204 	0.81871 	375	671078.10708 	3002	77.46741 	4350	257.00 	370.00 	39.40 
53.10459 	0.80751 	375	671117.10193 	2975	77.01600 	4250	257.00 	370.00 	39.40 
53.43098 	0.80067 	350	681798.40046 	3006	77.79638 	4525	257.00 	370.00 	39.40 
53.75573 	0.79081 	275	679624.74807 	3120	77.70804 	4625	257.00 	370.00 	39.40 
54.57821 	0.83679 	325	695922.55544 	3003	79.52761 	4250	257.00 	370.00 	39.40 
54.97675 	0.82833 	325	703224.86974 	3043	79.99440 	4950	257.00 	370.00 	39.40 
54.86755 	0.81754 	225	692632.30672 	3047	79.70725 	4525	257.00 	370.00 	39.40 
54.01074 	0.81569 	250	684782.81321 	2999	78.49574 	4725	257.00 	370.00 	39.40 
53.73935 	0.80577 	575	679575.35348 	3062	77.99426 	4400	257.00 	370.00 	39.40 
53.72367 	0.81306 	325	680526.09309 	3047	77.97898 	4475	257.00 	370.00 	39.40 
53.33899 	0.79739 	200	674376.93231 	2991	77.41679 	4650	257.00 	370.00 	39.40 
54.24265 	0.83580 	475	686363.81194 	3024	78.58927 	4050	257.00 	370.00 	39.40 
53.53809 	0.80724 	425	687174.63484 	3021	78.07787 	4600	257.00 	370.00 	39.40 
53.34438 	0.84695 	400	683788.50007 	2883	77.92054 	4175	257.00 	370.00 	39.40 
53.42345 	0.81108 	450	673101.97945 	2940	77.17521 	4350	257.00 	370.00 	39.40 
52.82570 	0.79462 	150	671965.34146 	2961	77.03596 	4400	257.00 	370.00 	39.40 
50.71754 	0.93408 	900	711279.09233 	2354	80.30570 	2900	277.00 	376.00 	38.10 
50.65809 	0.93897 	850	704724.00855 	2482	79.91533 	3350	277.00 	376.00 	38.10 
51.05998 	0.93806 	775	721189.06828 	2442	81.22178 	3225	277.00 	376.00 	38.10 
51.52117 	0.96925 	925	726358.82858 	2293	81.96072 	3050	277.00 	376.00 	38.10 
50.30785 	0.95419 	825	714922.13006 	2339	80.10487 	3325	277.00 	376.00 	38.10 
50.66790 	0.96021 	925	710745.12207 	2291	80.78384 	3000	277.00 	376.00 	38.10 
52.18801 	0.95987 	875	722818.33455 	2406	82.56382 	2925	277.00 	376.00 	38.10 
52.90369 	1.03314 	775	752045.19360 	2269	84.80547 	2875	277.00 	376.00 	38.10 
52.32654 	1.00814 	725	743118.15623 	2302	83.55977 	2825	277.00 	376.00 	38.10 
52.55823 	1.00550 	800	748819.45648 	2308	84.06225 	2900	277.00 	376.00 	38.10 
52.78040 	0.99174 	750	741542.73819 	2406	84.03596 	3050	277.00 	376.00 	38.10 
53.09577 	1.00138 	750	747872.46955 	2348	85.00525 	3000	277.00 	376.00 	38.10 
47.32233 	0.85498 	950	654659.82280 	2438	74.28877 	3275	277.00 	376.00 	38.10 
47.32676 	0.83870 	800	657147.46266 	2519	74.25435 	3175	277.00 	376.00 	38.10 
48.09185 	0.86162 	900	666850.74441 	2502	75.19500 	3550	277.00 	376.00 	38.10 
47.72656 	0.85284 	875	660531.72925 	2451	75.01024 	3100	277.00 	376.00 	38.10 
47.56315 	0.86090 	825	664119.43247 	2465	74.54512 	3125	277.00 	376.00 	38.10 
46.97251 	0.86019 	950	650254.22958 	2508	73.24387 	3350	277.00 	376.00 	38.10 
47.16267 	0.89152 	875	668418.92238 	2386	74.77710 	3200	277.00 	376.00 	38.10 
51.24452 	0.93866 	775	726367.75390 	2402	81.64104 	3250	277.00 	376.00 	38.10 
49.97776 	0.92372 	875	697023.58192 	2497	78.59242 	3300	277.00 	376.00 	38.10 
50.52341 	0.93055 	800	712859.50546 	2420	79.99218 	3200	277.00 	376.00 	38.10 
50.43571 	0.93266 	900	706174.06986 	2362	79.68242 	3000	277.00 	376.00 	38.10 
50.97355 	0.97591 	900	715789.50748 	2354	80.57924 	3200	277.00 	376.00 	38.10 
49.49806 	0.95384 	750	703702.21267 	2306	78.83815 	3050	277.00 	376.00 	38.10 
50.14066 	0.91860 	950	700872.20142 	2462	79.19855 	3225	277.00 	376.00 	38.10 
51.57179 	0.91477 	800	721845.21831 	2478	81.53288 	3575	277.00 	376.00 	38.10 
50.71355 	0.96237 	925	720056.41134 	2340	80.71305 	2950	277.00 	376.00 	38.10 
51.34897 	0.95149 	900	728045.20274 	2435	81.44390 	3200	277.00 	376.00 	38.10 
51.37241 	0.97253 	975	728556.18520 	2365	81.81398 	3125	277.00 	376.00 	38.10 
50.66003 	0.94728 	775	721476.91812 	2352	80.54924 	3050	277.00 	376.00 	38.10 
51.42776 	0.92104 	900	712062.55930 	2480	81.09583 	3350	277.00 	376.00 	38.10 
51.01045 	0.92453 	825	717492.42865 	2499	81.07295 	3200	277.00 	376.00 	38.10 
51.15932 	0.95930 	775	725260.57882 	2334	81.63572 	3250	277.00 	376.00 	38.10 
50.90043 	0.91048 	850	720096.89623 	2472	80.62816 	3325	277.00 	376.00 	38.10 
50.95550 	0.98893 	900	720595.47839 	2341	81.00605 	2875	277.00 	376.00 	38.10 
51.33590 	0.94244 	850	724227.76406 	2417	81.62391 	3250	277.00 	376.00 	38.10 
51.59691 	0.92466 	875	723712.10221 	2464	81.76031 	3525	277.00 	376.00 	38.10 
51.54293 	0.98908 	825	734292.01355 	2300	82.66984 	3000	277.00 	376.00 	38.10 
50.61072 	0.89668 	800	704595.40450 	2464	79.73171 	3450	277.00 	376.00 	38.10 
50.90772 	0.93403 	825	714213.02398 	2402	80.67496 	3200	277.00 	376.00 	38.10 
52.25747 	0.96748 	925	727778.44876 	2378	82.67243 	3200	277.00 	376.00 	38.10 
52.42143 	0.99001 	975	743386.97330 	2322	83.61499 	3050	277.00 	376.00 	38.10 
51.03598 	0.94378 	775	721334.36751 	2388	81.21662 	3150	277.00 	376.00 	38.10 
50.83174 	0.93281 	925	716149.07463 	2417	80.64221 	3250	277.00 	376.00 	38.10 
51.52497 	0.96674 	825	719928.27350 	2394	81.61625 	3100	277.00 	376.00 	38.10 
51.19439 	0.92496 	825	714963.42734 	2436	80.95302 	3100	277.00 	376.00 	38.10 
50.69743 	0.91303 	925	704950.67958 	2487	79.61920 	3500	277.00 	376.00 	38.10 
51.46598 	0.78093 	1025	668864.65657 	3025	76.06067 	4425	318.00 	385.00 	35.70 
51.83369 	0.79149 	1025	672466.62045 	3050	76.63181 	4150	318.00 	385.00 	35.70 
51.09536 	0.81368 	1050	672811.59693 	2931	75.95458 	4300	318.00 	385.00 	35.70 
51.55655 	0.76074 	1050	666912.96425 	3170	75.86650 	4525	318.00 	385.00 	35.70 
51.54759 	0.76717 	975	670821.05060 	3133	76.13006 	4550	318.00 	385.00 	35.70 
51.31212 	0.78632 	800	667801.53448 	3021	75.73114 	4150	318.00 	385.00 	35.70 
50.94822 	0.76435 	1050	664726.69352 	3097	75.33812 	4575	318.00 	385.00 	35.70 
54.07420 	0.82419 	700	702772.45857 	3019	79.42733 	4550	318.00 	385.00 	35.70 
53.95138 	0.83478 	850	697261.28782 	3002	79.78876 	4175	318.00 	385.00 	35.70 
53.75375 	0.77109 	800	686360.36718 	3127	78.41273 	4800	318.00 	385.00 	35.70 
53.66025 	0.82498 	850	691838.60859 	3062	78.92699 	4150	318.00 	385.00 	35.70 
53.06341 	0.82006 	1025	695882.48453 	2958	78.43664 	4100	318.00 	385.00 	35.70 
52.63365 	0.78700 	1050	681730.92272 	3171	77.30447 	4500	318.00 	385.00 	35.70 
53.16017 	0.80733 	975	694429.83242 	3016	78.46987 	4275	318.00 	385.00 	35.70 
53.06395 	0.83061 	975	686119.49292 	3023	78.11059 	4375	318.00 	385.00 	35.70 
49.06384 	0.76157 	950	636377.63645 	2996	72.21152 	3850	318.00 	385.00 	35.70 
49.30800 	0.76774 	1150	650875.71274 	2969	73.48297 	4375	318.00 	385.00 	35.70 
48.47998 	0.72195 	1025	633699.56730 	3171	71.59189 	4325	318.00 	385.00 	35.70 
48.30620 	0.71711 	1100	627816.26839 	3064	71.28649 	4725	318.00 	385.00 	35.70 
48.18400 	0.71529 	1200	621082.79974 	3037	71.05355 	4575	318.00 	385.00 	35.70 
47.99182 	0.71113 	1025	628175.87297 	3149	71.02994 	4425	318.00 	385.00 	35.70 
48.52854 	0.71738 	1000	631044.48575 	3111	71.52538 	4575	318.00 	385.00 	35.70 
47.92212 	0.71798 	1125	622663.30427 	3081	70.77716 	4600	318.00 	385.00 	35.70 
50.10105 	0.78571 	925	659910.22142 	2906	74.49867 	3950	318.00 	385.00 	35.70 
49.79500 	0.75057 	1100	650111.41190 	3041	73.46430 	4575	318.00 	385.00 	35.70 
49.84891 	0.76537 	1025	646614.99727 	3026	73.62145 	4000	318.00 	385.00 	35.70 
50.69513 	0.74552 	1050	651693.79406 	3106	74.24563 	4650	318.00 	385.00 	35.70 
49.79528 	0.79225 	1100	652786.24687 	2928	73.83563 	4400	318.00 	385.00 	35.70 
50.02542 	0.78408 	1000	651565.04207 	2986	73.92996 	3950	318.00 	385.00 	35.70 
49.70798 	0.76739 	1150	649019.03834 	2958	73.54491 	4500	318.00 	385.00 	35.70 
50.23474 	0.80006 	925	663451.93381 	2888	74.74184 	3950	318.00 	385.00 	35.70 
50.42281 	0.74548 	925	655911.02517 	3115	74.25136 	4625	318.00 	385.00 	35.70 
50.10248 	0.77853 	1150	661525.44829 	2982	74.77446 	4325	318.00 	385.00 	35.70 
50.07641 	0.77001 	1000	652799.42618 	2985	74.12319 	4175	318.00 	385.00 	35.70 
50.05668 	0.75769 	1175	655718.87342 	3085	74.25233 	4550	318.00 	385.00 	35.70 
50.13555 	0.75683 	975	646097.63263 	3112	73.47145 	4225	318.00 	385.00 	35.70 
50.63681 	0.76389 	950	663418.53715 	2981	74.99195 	4550	318.00 	385.00 	35.70 
50.47849 	0.75061 	1375	653142.41505 	2946	74.38489 	4900	318.00 	385.00 	35.70 
50.68935 	0.73796 	1000	664718.34133 	3160	75.02764 	4575	318.00 	385.00 	35.70 
51.45639 	0.78912 	900	677596.67651 	2989	76.54845 	4500	318.00 	385.00 	35.70 
50.58126 	0.76036 	1000	661773.97985 	3078	74.93777 	4600	318.00 	385.00 	35.70 
50.43422 	0.74828 	975	655721.68585 	3181	74.56299 	4550	318.00 	385.00 	35.70 
51.05668 	0.80953 	1100	675074.10723 	2866	76.17086 	3875	318.00 	385.00 	35.70 
50.41313 	0.78215 	1175	659997.32290 	3039	74.63580 	4500	318.00 	385.00 	35.70 
51.08082 	0.82151 	1050	671474.22002 	2963	76.14867 	4025	318.00 	385.00 	35.70 
50.51960 	0.77015 	875	655152.36309 	3100	74.22839 	4200	318.00 	385.00 	35.70 
51.81819 	0.78841 	900	663180.89475 	3066	75.71593 	3875	318.00 	385.00 	35.70 
52.12008 	0.75665 	875	674625.28332 	3114	76.65289 	4725	318.00 	385.00 	35.70 
51.19662 	0.78066 	1075	661126.48189 	3041	75.14990 	4600	318.00 	385.00 	35.70 
50.05532 	0.77223 	950	656281.14308 	3021	74.05196 	4225	318.00 	385.00 	35.70 
49.48574 	0.75712 	1075	652968.84557 	3036	73.28761 	4700	318.00 	385.00 	35.70 
49.87298 	0.77572 	1075	658752.87982 	3072	74.35692 	4250	318.00 	385.00 	35.70 
49.98811 	0.76764 	1000	645877.46128 	2960	73.84141 	4125	318.00 	385.00 	35.70 
45.89174 	0.59790 	500	554764.71281 	3356	64.34663 	5525	254.00 	356.00 	42.10 
46.53781 	0.60395 	750	567519.47790 	3424	65.47577 	5825	254.00 	356.00 	42.10 
46.90798 	0.59522 	775	566319.94976 	3454	65.70557 	5675	254.00 	356.00 	42.10 
47.01608 	0.64403 	750	570992.80893 	3227	66.33252 	5425	254.00 	356.00 	42.10 
45.99767 	0.62470 	725	563346.69182 	3342	64.72008 	5750	254.00 	356.00 	42.10 
46.47695 	0.60694 	425	573326.74612 	3402	65.75805 	5475	254.00 	356.00 	42.10 
46.10827 	0.61562 	900	558963.48253 	3334	64.85002 	5500	254.00 	356.00 	42.10 
46.15636 	0.61056 	375	565037.38553 	3334	65.13944 	5675	254.00 	356.00 	42.10 
49.83133 	0.65906 	775	609142.28542 	3397	70.43740 	5250	254.00 	356.00 	42.10 
49.96914 	0.67012 	600	606916.61968 	3335	70.10154 	5700	254.00 	356.00 	42.10 
50.52936 	0.64797 	825	615768.22287 	3483	71.09761 	6025	254.00 	356.00 	42.10 
50.00726 	0.64185 	725	605454.13561 	3460	70.20078 	5900	254.00 	356.00 	42.10 
51.05298 	0.66966 	750	620556.82633 	3436	71.81711 	5550	254.00 	356.00 	42.10 
49.98068 	0.64723 	650	605536.45871 	3421	70.12812 	5925	254.00 	356.00 	42.10 
50.00573 	0.63974 	300	605646.26934 	3440	69.97636 	5825	254.00 	356.00 	42.10 
49.76842 	0.63282 	1025	598601.47027 	3402	69.74505 	5575	254.00 	356.00 	42.10 
45.05776 	0.58732 	750	547674.75041 	3368	63.40876 	5225	254.00 	356.00 	42.10 
44.63407 	0.61196 	625	542728.68100 	3275	62.92960 	5600	254.00 	356.00 	42.10 
44.86175 	0.58457 	1075	544051.32541 	3366	63.01330 	5550	254.00 	356.00 	42.10 
44.69100 	0.59649 	625	542502.02623 	3387	62.78467 	5650	254.00 	356.00 	42.10 
45.23867 	0.61392 	875	556188.81648 	3339	63.93251 	5225	254.00 	356.00 	42.10 
45.48733 	0.61341 	750	554913.62825 	3285	64.21989 	5825	254.00 	356.00 	42.10 
44.53626 	0.56705 	925	546998.30350 	3442	62.77749 	5550	254.00 	356.00 	42.10 
45.25877 	0.60698 	725	549185.63977 	3267	63.65620 	5650	254.00 	356.00 	42.10 
45.12104 	0.57553 	850	545707.00987 	3446	63.43776 	5500	254.00 	356.00 	42.10 
47.01725 	0.62942 	575	570034.86877 	3380	65.91095 	5575	254.00 	356.00 	42.10 
46.73656 	0.63126 	800	567783.56801 	3255	65.87480 	5475	254.00 	356.00 	42.10 
46.81161 	0.61069 	575	567021.84636 	3466	65.64079 	5575	254.00 	356.00 	42.10 
47.34915 	0.63453 	625	578748.25197 	3283	66.89082 	5325	254.00 	356.00 	42.10 
47.09612 	0.61466 	550	573088.19756 	3424	66.14243 	5600	254.00 	356.00 	42.10 
46.37550 	0.58940 	600	567081.76016 	3463	65.27205 	5800	254.00 	356.00 	42.10 
46.90979 	0.64852 	650	571449.49246 	3212	66.22715 	5700	254.00 	356.00 	42.10 
46.67809 	0.62108 	875	566607.94712 	3315	65.77016 	5300	254.00 	356.00 	42.10 
48.21566 	0.63895 	900	590038.41498 	3315	68.08520 	5525	254.00 	356.00 	42.10 
48.53773 	0.63917 	525	594988.50460 	3387	68.33619 	5550	254.00 	356.00 	42.10 
48.85634 	0.61057 	725	588808.69656 	3390	68.38667 	5725	254.00 	356.00 	42.10 
49.03130 	0.64820 	400	597311.52930 	3318	69.00310 	5800	254.00 	356.00 	42.10 
48.01515 	0.61621 	825	582618.81860 	3432	67.49239 	5600	254.00 	356.00 	42.10 
48.15847 	0.63203 	550	581040.92830 	3324	67.54799 	5800	254.00 	356.00 	42.10 
48.10653 	0.60373 	500	584001.02005 	3457	67.59173 	5700	254.00 	356.00 	42.10 
48.19576 	0.66494 	575	581055.52614 	3246	67.69819 	5100	254.00 	356.00 	42.10 
48.08886 	0.61390 	600	585673.46678 	3501	67.40725 	5725	254.00 	356.00 	42.10 
46.93595 	0.62005 	775	573250.61953 	3330	66.32247 	5400	254.00 	356.00 	42.10 
47.30495 	0.65537 	1000	579650.88014 	3232	66.96125 	5575	254.00 	356.00 	42.10 
46.99993 	0.62835 	550	575680.50066 	3371	66.25704 	5575	254.00 	356.00 	42.10 
47.39994 	0.63446 	900	578011.43462 	3313	66.86332 	5300	254.00 	356.00 	42.10 
47.27731 	0.64545 	600	582130.25950 	3287	66.87433 	5600	254.00 	356.00 	42.10 
47.04922 	0.61821 	525	572568.89669 	3415	66.20373 	5500	254.00 	356.00 	42.10 
47.95602 	0.63137 	650	583446.87977 	3396	67.57928 	5875	254.00 	356.00 	42.10 
46.66696 	0.60927 	700	571224.15199 	3426	65.79703 	5425	254.00 	356.00 	42.10 
46.56654 	0.61171 	575	567982.46868 	3404	65.66205 	5725	254.00 	356.00 	42.10 
46.41080 	0.60113 	800	562438.35114 	3408	65.18767 	5525	254.00 	356.00 	42.10 
46.58413 	0.63588 	600	565651.92247 	3290	65.50209 	5675	254.00 	356.00 	42.10 
46.67823 	0.63302 	625	573975.56164 	3298	65.91261 	5375	254.00 	356.00 	42.10 
46.68315 	0.62932 	850	568022.84125 	3367	65.75881 	5700	254.00 	356.00 	42.10 
46.31380 	0.62545 	700	567789.26211 	3266	65.50072 	5250	254.00 	356.00 	42.10 
47.10898 	0.62163 	750	578151.22496 	3291	66.87916 	5700	254.00 	356.00 	42.10 
47.06393 	0.89118 	1175	678687.01062 	2348	76.03518 	3275	383.00 	457.00 	31.80 
48.18031 	0.92256 	1125	684279.77428 	2329	76.82730 	3200	383.00 	457.00 	31.80 
47.01679 	0.90668 	1100	682595.75267 	2374	75.87021 	3000	383.00 	457.00 	31.80 
47.62764 	0.90142 	1225	680241.41412 	2425	76.15019 	3150	383.00 	457.00 	31.80 
47.14089 	0.87570 	1175	669691.01879 	2400	74.98515 	3150	383.00 	457.00 	31.80 
46.69859 	0.88279 	1250	679198.17774 	2370	75.51643 	2950	383.00 	457.00 	31.80 
49.04596 	0.89621 	1325	690402.30800 	2459	76.94813 	3150	383.00 	457.00 	31.80 
48.96782 	0.93259 	1125	699292.21088 	2382	77.82826 	2925	383.00 	457.00 	31.80 
48.91394 	0.91890 	1125	696578.20038 	2407	77.90896 	3225	383.00 	457.00 	31.80 
48.39958 	0.87979 	1175	679053.94042 	2511	75.94085 	3250	383.00 	457.00 	31.80 
47.86614 	0.88543 	1200	687353.76410 	2440	76.22663 	3100	383.00 	457.00 	31.80 
48.63850 	0.90190 	1150	683734.57621 	2468	76.13276 	3250	383.00 	457.00 	31.80 
48.63280 	0.90946 	1175	699315.56346 	2336	77.76017 	3025	383.00 	457.00 	31.80 
47.70780 	0.90911 	1275	682140.45363 	2362	76.34363 	3200	383.00 	457.00 	31.80 
47.50224 	0.90492 	1175	680900.84775 	2364	75.68955 	3050	383.00 	457.00 	31.80 
47.65735 	0.89523 	1150	671634.23019 	2335	75.60638 	3150	383.00 	457.00 	31.80 
45.30639 	0.82866 	1200	642257.63931 	2441	71.94902 	3275	383.00 	457.00 	31.80 
45.71650 	0.82803 	1175	641929.98561 	2453	72.20215 	3175	383.00 	457.00 	31.80 
45.59193 	0.83943 	1350	648062.05958 	2418	72.45387 	3000	383.00 	457.00 	31.80 
45.09360 	0.87756 	1275	640865.57832 	2287	71.47969 	3150	383.00 	457.00 	31.80 
45.62381 	0.85578 	1250	644834.55853 	2376	72.24554 	2925	383.00 	457.00 	31.80 
44.84393 	0.78392 	1225	623574.24889 	2620	69.97701 	3450	383.00 	457.00 	31.80 
45.17425 	0.84695 	1175	637190.23332 	2469	71.62061 	3150	383.00 	457.00 	31.80 
45.18632 	0.81303 	1250	632621.11289 	2465	71.26079 	3425	383.00 	457.00 	31.80 
45.86848 	0.85969 	1275	650305.10510 	2387	72.68408 	3075	383.00 	457.00 	31.80 
45.53969 	0.86821 	1300	646253.23106 	2337	72.16191 	2975	383.00 	457.00 	31.80 
45.31614 	0.83393 	1275	639466.69905 	2462	71.42773 	3250	383.00 	457.00 	31.80 
45.20579 	0.84968 	1200	633604.93237 	2403	71.61169 	3225	383.00 	457.00 	31.80 
45.57313 	0.82360 	1175	635631.69143 	2457	71.74147 	3325	383.00 	457.00 	31.80 
45.82306 	0.87848 	1275	658174.73623 	2357	73.25498 	3200	383.00 	457.00 	31.80 
46.53120 	0.88605 	1200	659238.09368 	2298	74.22996 	3025	383.00 	457.00 	31.80 
46.92128 	0.88537 	1250	660287.53003 	2409	73.97498 	3050	383.00 	457.00 	31.80 
46.37213 	0.84068 	1150	644561.14709 	2546	72.45168 	3350	383.00 	457.00 	31.80 
45.82061 	0.87344 	1225	658970.89859 	2358	73.15097 	3075	383.00 	457.00 	31.80 
45.44010 	0.79657 	1350	636355.01895 	2562	71.47706 	3600	383.00 	457.00 	31.80 
46.25122 	0.88374 	1225	661448.88847 	2325	73.76472 	3225	383.00 	457.00 	31.80 
45.24545 	0.84381 	1200	656432.04574 	2416	72.41507 	3100	383.00 	457.00 	31.80 
46.15948 	0.87635 	1175	647391.75539 	2380	73.11084 	3075	383.00 	457.00 	31.80 
45.79672 	0.84436 	1325	651843.07533 	2413	72.31861 	3150	383.00 	457.00 	31.80 
46.15602 	0.86402 	1150	653866.55604 	2448	73.38490 	3175	383.00 	457.00 	31.80 
46.27169 	0.85858 	1225	648766.38786 	2312	72.88567 	3200	383.00 	457.00 	31.80 
45.46617 	0.81261 	1225	639322.69305 	2534	71.44961 	3350	383.00 	457.00 	31.80 
45.06392 	0.82491 	1200	646832.98574 	2458	71.93660 	3225	383.00 	457.00 	31.80 
46.05290 	0.87286 	1300	655620.26215 	2382	73.25412 	3150	383.00 	457.00 	31.80 
46.22050 	0.85582 	1275	655628.34052 	2384	73.51911 	2975	383.00 	457.00 	31.80 
46.21412 	0.82946 	1300	654627.66768 	2469	72.91303 	3450	383.00 	457.00 	31.80 
45.60108 	0.85977 	1300	649504.73307 	2365	72.45296 	3050	383.00 	457.00 	31.80 
45.94772 	0.86122 	1225	649447.15550 	2492	72.71557 	3225	383.00 	457.00 	31.80 
46.11586 	0.85863 	1150	655379.66869 	2382	73.18838 	3300	383.00 	457.00 	31.80 
45.65852 	0.86958 	1200	648406.55639 	2399	72.25282 	3275	383.00 	457.00 	31.80 
45.71154 	0.89824 	1250	656356.07243 	2330	73.37122 	2875	383.00 	457.00 	31.80 
46.15103 	0.88093 	1225	656515.24804 	2325	73.43913 	3200	383.00 	457.00 	31.80 
45.24331 	0.86909 	1275	648580.91039 	2334	72.42287 	2975	383.00 	457.00 	31.80 
44.99540 	0.84356 	1225	632815.38742 	2424	70.93299 	3225	383.00 	457.00 	31.80 
44.03602 	0.79226 	1175	621455.57048 	2504	69.64954 	3250	383.00 	457.00 	31.80 
45.00592 	0.82229 	1225	637265.23792 	2433	71.43112 	3400	383.00 	457.00 	31.80 
43.94834 	0.82516 	1225	632174.15926 	2408	69.89305 	3300	383.00 	457.00 	31.80 
44.11007 	0.80626 	1150	624223.35098 	2453	69.59195 	3150	383.00 	457.00 	31.80 
44.48622 	0.82521 	1275	636450.06422 	2442	70.71723 	3000	383.00 	457.00 	31.80 
46.09296 	0.90076 	1100	669345.73098 	2311	74.15130 	2975	383.00 	457.00 	31.80 
44.61309 	0.82756 	1100	626370.55029 	2401	70.31465 	3200	383.00 	457.00 	31.80 
43.16542 	0.96979 	1600	685610.62548 	1968	76.23348 	2500	471.00 	599.00 	23.20 
43.56830 	1.03194 	1675	700027.53841 	1900	77.30245 	2475	471.00 	599.00 	23.20 
43.77020 	0.98007 	1575	691780.11738 	2055	76.87169 	2625	471.00 	599.00 	23.20 
42.86960 	0.97433 	1675	677396.67514 	1932	75.62863 	2575	471.00 	599.00 	23.20 
43.14569 	0.96428 	1525	686000.06115 	1990	76.09145 	2550	471.00 	599.00 	23.20 
34.85688 	1.12720 	1125	742855.47064 	839	83.33566 	1875	471.00 	599.00 	23.20 
45.22066 	1.01788 	1600	718373.88519 	2028	79.76670 	2550	471.00 	599.00 	23.20 
46.44718 	1.07669 	1550	740983.34250 	1925	82.20242 	2425	471.00 	599.00 	23.20 
45.67888 	1.06905 	1525	731081.76422 	1906	81.17129 	2450	471.00 	599.00 	23.20 
45.32982 	1.07188 	1525	721456.01039 	1917	80.29569 	2325	471.00 	599.00 	23.20 
45.37917 	1.03496 	1600	723205.23021 	1954	80.28139 	2575	471.00 	599.00 	23.20 
41.12238 	1.09075 	1575	693280.81297 	1603	75.30168 	2350	471.00 	599.00 	23.20 
44.86222 	1.01141 	1600	706411.68840 	2016	78.50698 	2425	471.00 	599.00 	23.20 
44.13527 	1.02219 	1625	700019.54364 	1978	77.43305 	2575	471.00 	599.00 	23.20 
43.22467 	0.93529 	1525	670166.17658 	2158	74.72260 	2775	471.00 	599.00 	23.20 
43.89284 	0.97083 	1600	686889.02885 	2016	76.58631 	2575	471.00 	599.00 	23.20 
44.65378 	0.99616 	1600	698181.92871 	2057	77.72448 	2650	471.00 	599.00 	23.20 
43.63818 	0.94785 	1575	691327.64996 	2064	76.43505 	2700	471.00 	599.00 	23.20 
42.57243 	0.95163 	1600	670802.59741 	2010	74.46547 	2625	471.00 	599.00 	23.20 
43.58695 	0.99833 	1575	697008.07822 	1943	77.07880 	2425	471.00 	599.00 	23.20 
42.94836 	0.98356 	1575	679466.83832 	2049	75.17019 	2575	471.00 	599.00 	23.20 
43.56554 	0.99385 	1600	693777.89403 	1900	76.85813 	2500	471.00 	599.00 	23.20 
43.09352 	0.97973 	1575	690213.12731 	1962	76.02378 	2625	471.00 	599.00 	23.20 
42.95533 	0.93430 	1600	672024.61558 	2094	74.79503 	2850	471.00 	599.00 	23.20 
43.16669 	0.95311 	1475	681282.75778 	2083	75.65110 	2750	471.00 	599.00 	23.20 
44.46131 	1.04272 	1625	710575.91902 	1923	78.69934 	2450	471.00 	599.00 	23.20 
43.82362 	1.00815 	1525	692143.81622 	1972	76.83722 	2575	471.00 	599.00 	23.20 
44.50642 	0.99312 	1675	702172.29745 	1992	78.32360 	2650	471.00 	599.00 	23.20 
44.20056 	0.99396 	1500	702176.07333 	1957	78.14709 	2550	471.00 	599.00 	23.20 
44.34142 	1.00480 	1650	698254.48966 	1975	77.99861 	2500	471.00 	599.00 	23.20 
44.41176 	0.98119 	1675	706960.05634 	2022	78.24872 	2700	471.00 	599.00 	23.20 
43.51969 	0.97957 	1600	688395.36342 	2023	76.39164 	2650	471.00 	599.00 	23.20 
43.56473 	0.97417 	1600	685668.85458 	2014	76.12664 	2600	471.00 	599.00 	23.20 
43.93002 	0.97996 	1575	691064.53988 	2058	77.17359 	2600	471.00 	599.00 	23.20 
44.20950 	1.07294 	1675	712384.99242 	1912	78.72739 	2300	471.00 	599.00 	23.20 
44.47575 	0.97947 	1675	698927.71975 	2048	77.57016 	2675	471.00 	599.00 	23.20 
42.25698 	0.94365 	1625	660985.87107 	2024	73.69521 	2525	471.00 	599.00 	23.20 
42.87380 	0.97548 	1575	680256.43952 	1984	75.22615 	2550	471.00 	599.00 	23.20 
42.85122 	0.98119 	1525	681621.24346 	1951	75.68834 	2525	471.00 	599.00 	23.20 
42.76844 	0.96759 	1575	677294.02379 	2004	75.19149 	2650	471.00 	599.00 	23.20 
43.02037 	0.98072 	1625	680366.09677 	1955	75.97993 	2500	471.00 	599.00 	23.20 
43.08545 	0.96388 	1600	677420.62239 	2045	75.52830 	2525	471.00 	599.00 	23.20 
42.90754 	0.97193 	1625	677598.63810 	2020	75.54663 	2550	471.00 	599.00 	23.20 
42.67293 	0.92609 	1575	663765.37031 	2054	74.23467 	2700	471.00 	599.00 	23.20 
63.33809 	1.00146 	1550	843383.83571 	2293	97.08924 	3225	397.00 	645.00 	26.20 
66.39688 	1.06087 	1850	865485.93532 	2444	100.51982 	3875	397.00 	645.00 	26.20 
66.00889 	1.07783 	1825	850882.46527 	2352	99.99114 	3125	397.00 	645.00 	26.20 
65.31016 	1.04657 	1575	864935.93851 	2324	100.24510 	3150	397.00 	645.00 	26.20 
65.62697 	1.02567 	1875	845342.94001 	2437	98.87227 	3975	397.00 	645.00 	26.20 
55.54307 	0.90519 	850	787976.62642 	1938	91.32293 	3800	397.00 	645.00 	26.20 
70.49665 	1.16209 	1525	918237.61041 	2253	107.61364 	3025	397.00 	645.00 	26.20 
72.59291 	1.07440 	1950	926995.94222 	2468	108.74169 	3675	397.00 	645.00 	26.20 
71.37728 	1.14293 	1700	924468.26832 	2352	107.61963 	3350	397.00 	645.00 	26.20 
70.98138 	1.15318 	1425	926455.70460 	2251	107.99879 	2925	397.00 	645.00 	26.20 
71.02817 	1.06829 	1725	911278.87610 	2435	106.81411 	3575	397.00 	645.00 	26.20 
70.83575 	1.16089 	1675	921958.76651 	2295	107.47475 	3275	397.00 	645.00 	26.20 
70.37838 	1.07689 	1500	960437.43632 	2192	111.66991 	3100	397.00 	645.00 	26.20 
50.44068 	0.96231 	1775	729808.64729 	2382	81.09369 	2900	397.00 	645.00 	26.20 
50.44677 	0.91559 	1775	726387.49049 	2365	81.12554 	3050	397.00 	645.00 	26.20 
51.42382 	0.99672 	1650	744932.63811 	2331	82.61804 	2825	397.00 	645.00 	26.20 
50.04637 	0.93647 	1775	719989.84718 	2342	80.37257 	2900	397.00 	645.00 	26.20 
50.84000 	0.95143 	1675	737563.19383 	2406	82.01026 	2950	397.00 	645.00 	26.20 
50.48434 	0.96499 	1750	730278.57197 	2340	81.37695 	2975	397.00 	645.00 	26.20 
45.12604 	0.96997 	1600	773530.79554 	1833	83.33865 	2925	397.00 	645.00 	26.20 
50.76010 	0.97001 	1625	724609.89601 	2319	81.67574 	2825	397.00 	645.00 	26.20 
51.43116 	1.00082 	1700	753905.56341 	2274	83.38272 	2750	397.00 	645.00 	26.20 
51.57944 	0.99239 	1725	756188.70304 	2263	84.09053 	2850	397.00 	645.00 	26.20 
51.20501 	0.97462 	1625	752117.36842 	2323	83.45939 	2825	397.00 	645.00 	26.20 
51.05654 	1.00426 	1675	743389.38152 	2246	82.61949 	2900	397.00 	645.00 	26.20 
50.56445 	0.97796 	1700	735587.76202 	2316	81.59903 	2900	397.00 	645.00 	26.20 
53.21134 	0.97911 	1725	771549.01306 	2340	86.27678 	2975	397.00 	645.00 	26.20 
52.48743 	1.04596 	1725	757174.67249 	2244	85.00017 	2850	397.00 	645.00 	26.20 
51.50405 	0.98284 	1675	742604.03693 	2296	83.01583 	2875	397.00 	645.00 	26.20 
52.15175 	1.02106 	1675	757674.88442 	2279	84.13009 	2875	397.00 	645.00 	26.20 
52.75332 	1.03346 	1700	768917.94008 	2261	85.55638 	2750	397.00 	645.00 	26.20 
52.24346 	1.05501 	1775	757522.56209 	2184	84.57251 	2675	397.00 	645.00 	26.20 
45.82314 	1.06769 	1800	673588.89388 	1768	73.75397 	2800	397.00 	645.00 	26.20 
52.58682 	1.03399 	1775	767895.22134 	2279	85.35298 	2725	397.00 	645.00 	26.20 
51.86309 	0.99902 	1675	754887.05915 	2309	83.88812 	3050	397.00 	645.00 	26.20 
52.53414 	1.06805 	1725	778995.36170 	2204	86.36452 	2725	397.00 	645.00 	26.20 
52.07910 	0.98115 	1650	755543.02315 	2317	84.64924 	2850	397.00 	645.00 	26.20 
51.18274 	1.01481 	1650	746088.21204 	2329	82.79967 	2750	397.00 	645.00 	26.20 
52.66280 	1.03607 	1750	761598.31423 	2222	85.17011 	2850	397.00 	645.00 	26.20 
51.23771 	0.94666 	1725	739233.06642 	2317	82.94872 	2950	397.00 	645.00 	26.20 
51.93651 	0.99467 	1825	753060.94051 	2340	84.05726 	2775	397.00 	645.00 	26.20 
50.82176 	0.96605 	1600	729895.72107 	2338	81.56203 	2925	397.00 	645.00 	26.20 
51.16797 	1.03305 	1750	755151.51990 	2172	83.51728 	2600	397.00 	645.00 	26.20 
52.16129 	1.01842 	1650	752155.48434 	2248	84.30678 	2900	397.00 	645.00 	26.20 
50.78823 	0.92829 	1575	728029.34931 	2365	81.71679 	3025	397.00 	645.00 	26.20 
51.62863 	1.01050 	1750	756275.47317 	2247	83.62891 	3000	397.00 	645.00 	26.20 
51.40044 	1.01730 	1725	753833.88499 	2209	83.79667 	2800	397.00 	645.00 	26.20 
